54675700 -90.62681610772525 -188.41702937765737 0.0 5
72605623 -163.09526615444491 57.82468501402505 0.0 2
17247358 190.997106605198 3.875291039007731 0.0 0
890911 10.893765378079527 -155.73882320093807 0.0 4
22512172 0.2564099115891987 -6.614878186410348 0.0 4
369188297 3.196079864557892 -128.04222379518205 0.0 0
129519871 -15.755404327578576 -54.182105361067585 0.0 4
78729443 -182.60073104488836 -99.55955062974365 0.0 6
16976496 -7.694518517355779 164.66948724099063 0.0 1
171613435 7.426608509141155 -106.85975539016357 0.0 4
17868090 227.26089882409022 103.39231179732054 0.0 0
65992583 -158.11708064535807 94.00016732509128 0.0 2
240464773 229.12070714467893 4.5018540295667835 0.0 0
14180282 -12.811112441440601 -292.7595779089637 0.0 4
323468251 125.95300510581833 20.21130625783511 0.0 0
30083241 227.71539727728924 -78.9683561504005 0.0 0
50706020 -192.1167010248711 -36.61577555011705 0.0 6
11137722 95.1633706961425 200.13502559862715 0.0 1
28130769 104.11141665972539 620.8914540881744 0.0 8
5500632 1.4265143605887667 -155.57308486946354 0.0 4
14286412 -179.7461519409958 82.8365990068115 0.0 2
46343231 208.455827970557 -2.1864469749146114 0.0 0
20649037 176.69870463038365 -57.50344216258159 0.0 0
163003584 -12.39694598435429 -293.58010296312796 0.0 4
1290581 -83.53398621997815 -222.81837230902622 0.0 5
18776131 -4.040665829902171 -287.46920732111755 0.0 4
334664509 -162.09941174420848 -131.75641975895093 0.0 6
7832732 -166.85022393468034 -98.75033531346669 0.0 6
8005492 234.42500015126538 56.32201614949696 0.0 0
14522546 105.39702890475078 -132.9747741145175 0.0 0
295344317 -50.287760250583226 97.10517406336047 0.0 2
31330304 -167.46427338705138 -91.60429135512729 0.0 6
25213966 -51.060658390644775 77.12643947195777 0.0 2
28858803 -146.316003342686 330.5671608591449 0.0 3
85091948 -170.3078929613809 -53.23937295862939 0.0 6
17008246 47.01720353357204 198.38908190722725 0.0 1
4786651 40.81018719203741 -225.0973303364096 0.0 5
30855079 164.63666529245674 48.44716685494854 0.0 4
54914628 208.70374124588443 227.88930513721485 0.0 0
62889225 -176.0005123043387 53.5574967440897 0.0 2
23185478 -186.31150082791132 52.29439378245631 0.0 2
192540894 -49.32740558752277 80.26991249241858 0.0 2
16684820 -28.47067862124897 -236.78772727751652 0.0 9
16145518 -75.18918441382667 -120.88360332096232 0.0 6
6014352 101.91317574878954 -43.57225406520841 0.0 0
13037642 -54.09416264432639 -313.05740680013344 0.0 9
36153601 -163.72245936437562 -47.76652058675734 0.0 6
39497992 92.19462076216156 195.52609665807626 0.0 1
24165043 115.07182736322521 -105.88048937708454 0.0 0
149806281 171.0542061607119 154.44673319718345 0.0 1
26000689 75.80960433750346 167.56527017959593 0.0 1
35304791 240.49544329661387 61.55862764271149 0.0 0
32692341 -109.79590149410106 -69.4573414072509 0.0 6
35307510 -123.11945273603888 86.06088576375186 0.0 2
29199357 -41.36065231831824 -237.76236547346411 0.0 5
15575841 -41.84107733066047 13.941753668695322 0.0 2
404583535 35.26697733285686 -109.67320117666617 0.0 0
25734277 219.21335929560277 -42.71625066541898 0.0 0
1104711 -182.48315905357035 -117.03096805098014 0.0 6
33836629 -164.80727913117394 79.67617432714434 0.0 2
54375184 37.82059441012363 -234.0584845731184 0.0 5
20982118 225.0832761233656 106.59561124490723 0.0 0
30385773 -146.4578662216433 329.2485118166751 0.0 3
21912888 -19.282997586834593 -69.37570556034089 0.0 6
16578116 -200.56556067045113 15.72749167635044 0.0 6
58495709 -138.55100517063903 29.87809997307996 0.0 2
15054426 51.00600621274355 -86.26391579092174 0.0 4
47602120 -116.58003714873124 142.2896553063218 0.0 2
14985228 170.26683471412872 -67.98308583615828 0.0 0
17519986 13.6061913812926 -32.2392706981064 0.0 4
7866502 -54.58128939939171 -313.0882879364244 0.0 9
13479972 -61.214199258964236 -311.94265877723 0.0 9
104615636 249.07343617404322 -115.1521258562925 0.0 7
434883 -55.11197062842324 -182.36354366740892 0.0 5
5409802 -8.883031659288916 -98.31632412046464 0.0 4
15449182 37.008382904505936 -242.60812135715844 0.0 5
20085288 -13.366304681193379 -54.76672934019991 0.0 4
80573555 243.17692357759165 -43.89154040481553 0.0 7
87671968 135.15031106303692 182.1630327506542 0.0 1
14225267 -18.219644724223 -138.3693102926111 0.0 0
197662233 -49.24258207996199 83.69045413159526 0.0 2
68481615 -8.793733556070599 -97.93160698969801 0.0 4
26912796 -195.05127780435916 62.220397917888675 0.0 2
53474481 133.6868101463179 -192.82330425373468 0.0 4
15389720 7.240170581459223 -151.63403526444966 0.0 4
8440602 -86.54710760017144 -234.39775575755132 0.0 5
117841088 261.69059544358316 -128.12099091278878 0.0 7
285282053 116.47286843020548 -102.62885390947689 0.0 0
84812170 59.738337010951476 -299.05202141895745 0.0 5
34016500 218.37793973517532 23.490280991462846 0.0 6
5902722 104.65564867428496 -35.420340125153146 0.0 0
21297338 139.76927795022888 127.84551264181229 0.0 1
96102210 240.97202728649543 117.24908235353847 0.0 0
9505092 -59.867834749522665 -302.3592804107773 0.0 9
17133055 -143.77418415390224 103.27737199822856 0.0 2
43593 -33.80283834675389 -80.01392247025557 0.0 4
14590612 -149.13668326034514 -156.69778973544717 0.0 9
68837369 61.78241647645918 -94.71688437556762 0.0 0
14569422 70.0488848454997 187.72176097658718 0.0 1
16552487 -20.33178097927734 -69.26391849790672 0.0 6
17297668 217.170660023261 -9.540231276075245 0.0 0
80422885 -121.9336581744741 6.090762282497015 0.0 2
14513305 48.91427427538563 198.08559549458352 0.0 1
17773969 -111.83872637424953 123.17577714047447 0.0 2
191982243 230.63355740887923 103.25778537595122 0.0 0
1475291 -13.300368764001458 -119.01106774397603 0.0 6
25217888 -41.698606378613384 147.41696890652764 0.0 1
65958313 247.62563163734436 61.78837125238501 0.0 0
67653490 -89.24700313967968 26.103771455575988 0.0 2
815903 49.636416613141556 199.4875898669785 0.0 1
59968628 136.3213301651262 144.64407607386283 0.0 1
26664368 219.1110872151396 -42.50386077622827 0.0 0
15041670 127.79950631116107 192.97594952546925 0.0 1
357750891 -9.667409636954273 16.110178719236597 0.0 0
10724532 93.7049468408602 -108.40111379691164 0.0 0
83374478 237.1767329500759 12.975088905611702 0.0 0
415906140 176.26189480340588 145.33087102379122 0.0 1
22674817 -173.54443808990303 27.797820923629924 0.0 2
19367815 2.0998750752135873 -205.3847487113011 0.0 5
35846244 -234.1864528507177 9.204748791781496 0.0 2
27596259 238.53630239000287 119.47727575808314 0.0 0
184327613 -142.86657268549246 68.80317230102366 0.0 2
174762283 235.29023530488143 37.39402263982426 0.0 0
14742654 68.5270707557887 174.43258195718104 0.0 1
15929993 14.928048244551626 -69.05558092028083 0.0 4
17749964 -96.37985618302396 71.75896944710847 0.0 2
266646115 -161.6004406747957 57.213646424209585 0.0 2
11595422 -111.33257664496115 40.468922191436825 0.0 2
1435461 222.84823761823372 74.22477611172467 0.0 0
21751427 -55.40973765626305 -307.7000582023661 0.0 9
16067035 -185.930944419502 26.94541580703817 0.0 2
14749606 -63.18210255859704 -129.04406480345688 0.0 5
23571467 -64.71036274315138 -126.47730598909057 0.0 5
115512512 235.90141879022002 37.42026079751154 0.0 0
54129186 -189.82297605380234 -88.98577352825068 0.0 6
14372897 44.00707651225881 -87.45465889218642 0.0 0
14776186 49.02737125944644 153.02626658505736 0.0 1
117539435 76.46774754719992 189.03214552949473 0.0 1
27008045 210.36757493839673 225.69618904558277 0.0 0
135899401 95.32718685444368 200.8404729621155 0.0 1
13075702 -182.02712304807554 7.015288172744403 0.0 2
14454642 -59.41362800939408 -313.8790925515331 0.0 9
63325626 106.60996464343866 619.2876377372666 0.0 8
31132079 -37.834882623061446 -236.90000720027535 0.0 4
6053842 -81.38403800543993 -230.2919329053524 0.0 5
814859 191.7798453919513 56.10999773537292 0.0 0
103989154 78.28239249892557 197.0684981664945 0.0 1
77990334 173.04325584438854 149.5454624945898 0.0 1
6655492 37.50253660374456 -233.7801753911944 0.0 5
144408677 -156.25336154647047 37.84201882687936 0.0 2
16174144 183.38043934839212 112.2751667098116 0.0 1
44370783 80.83103114063768 -163.89620660702028 0.0 0
14435433 -191.0354099644165 -88.65870972786512 0.0 6
15930954 -61.101381688318675 -312.8738572126956 0.0 9
18377825 -26.77722487704918 -171.7475509163323 0.0 4
20686733 69.19711859978254 -280.9106343299129 0.0 5
76278374 -4.829745501658557 -136.10293116052623 0.0 0
14956877 -65.43098039611067 -211.21463894764904 0.0 9
18296008 244.45705699535387 -44.16201898318347 0.0 7
18075516 -103.0890070848668 -177.39819248031742 0.0 5
42936497 -33.51165323844475 -80.1678705461749 0.0 4
93655722 89.21748710552465 202.63988930384562 0.0 1
45629519 0.35769134294862404 92.7902338344567 0.0 1
24789175 216.78251364889692 -35.47970694934628 0.0 0
21815759 -153.02256631794103 117.52615312491159 0.0 2
258513 49.363345023488975 -110.30504755150767 0.0 0
7182522 0.030822132295833984 -121.92548465518315 0.0 4
7389732 249.42374126532295 39.66806756422419 0.0 0
428333 116.22146507152253 -89.32645027668714 0.0 0
43922300 227.45993079834187 -79.11615642413238 0.0 0
5417872 -145.3403574352519 -142.5297876311933 0.0 9
251934976 -149.37785724937737 -6.926519475567183 0.0 2
77302683 -145.69484423057298 329.3824163074259 0.0 3
25845013 135.3762373666357 -192.79832891079587 0.0 4
69133574 -72.10982129717243 26.51047388777016 0.0 2
17991558 -41.308918008309846 -217.31760997856225 0.0 5
20228051 126.11929651670813 197.86684237512569 0.0 1
17283997 40.65573479489777 184.42761392895898 0.0 1
15783108 -121.70636576361355 51.80818073874188 0.0 2
30923 -54.57414283324886 -187.97313491772195 0.0 5
2383781 116.86886941887127 104.35496485749135 0.0 1
217319905 -19.357813846271142 11.485252214962223 0.0 0
130429681 -143.33356398221923 -18.663539077938356 0.0 2
25411611 25.995740045086233 -157.04621128007804 0.0 4
18894435 -99.1904334123963 70.41845291046556 0.0 2
62094836 0.2189549790130772 93.22494317004858 0.0 1
18318677 -140.51215869250603 -32.024038938134346 0.0 6
115416757 -170.36265652268196 -133.17945708095297 0.0 6
58779469 130.93495866229486 -112.93162064359412 0.0 5
16134540 -166.52722085796643 -76.96651326201858 0.0 6
3032661 -97.8645751362153 -48.93404088471161 0.0 6
23544596 115.2675850712083 -102.93429767060204 0.0 0
51823376 -203.04026616442627 75.21162875474947 0.0 2
89467037 177.09908673159873 132.34630697831278 0.0 1
44231523 -55.352583222007574 -306.68765254643756 0.0 9
17102088 -145.6598779657789 331.1655539791628 0.0 3
14733653 -63.27040820189648 74.71972139559816 0.0 2
14777520 20.6849472299867 -254.89880700440756 0.0 4
30065033 -8.282781920895813 -293.3205295123471 0.0 4
387156826 -178.41484959672246 112.17560067064153 0.0 2
122724789 179.28980500801563 147.89862227863205 0.0 1
149410862 51.257996879542276 -85.68314078565679 0.0 0
30273827 -19.12263119639711 -69.71461055259466 0.0 6
10429942 85.31853903083399 -106.70341020067433 0.0 0
67283363 217.16901237123474 109.42286361042342 0.0 0
8383522 19.906409357228434 -168.23905627560103 0.0 5
39288259 -61.31193641660097 17.797729664103986 0.0 2
15320887 22.673961668162132 -147.98778617730554 0.0 0
1548751 -81.3528622922983 47.20667290306397 0.0 2
17374188 -56.27835253744197 34.68638994542584 0.0 2
17419461 -198.71443987647845 85.2460894140505 0.0 2
25355366 200.65158399472773 92.01452831009803 0.0 0
2566921 -131.7821707801542 3.6351375892845064 0.0 2
15066550 -88.46274769615279 -198.13897855376865 0.0 5
48956797 -129.8740744650988 -2.239402445631877 0.0 2
15311179 62.41860926251592 -300.0764413414669 0.0 5
11348282 142.91489348117696 -24.693011406164317 0.0 0
5408092 138.6505493927609 173.9532298342048 0.0 1
24393142 -149.1046770844738 -157.06128012126015 0.0 9
17062861 -71.57103641537411 133.9043217547314 0.0 1
74543 7.242526543839339 -152.9372030025877 0.0 4
190935952 -81.8711215676255 47.10512503112775 0.0 2
60385618 220.05411903774544 -81.69383943877008 0.0 7
110751834 209.5006071070927 227.59669512785047 0.0 0
96485867 -241.9604031008018 17.751588989509028 0.0 2
25087552 173.2020319301017 148.6480536491571 0.0 1
3922 -25.64189737732788 -172.1751217626314 0.0 4
34868965 230.59067867752157 39.72202778670804 0.0 0
5388702 -15.353514494216023 -293.10102935097524 0.0 4
182530815 246.4866622249013 126.17167239851682 0.0 0
18918784 214.27453327323084 -41.26152194082717 0.0 0
49821575 -71.3259044184769 37.95852548428871 0.0 2
18341734 113.71367582941126 201.2766046993837 0.0 1
94361262 244.43083272896965 -43.829399785675314 0.0 7
72082215 -90.81107423689228 -8.670405418377772 0.0 2
17131720 -23.745217622170973 150.86785505311204 0.0 1
14344469 -112.59423041026771 -18.993496371506975 0.0 6
146993421 -96.61567281946624 -166.24691515014067 0.0 4
6036712 62.73731898348922 -92.11738728978422 0.0 0
3022271 51.78438578140484 195.41837162908973 0.0 1
7421672 -63.15238171438916 -296.17385325765343 0.0 5
26419626 161.9921940846666 149.9614018164007 0.0 1
15820547 -204.27277853200277 -15.888729084012931 0.0 2
393652166 -206.60106682117575 11.734307345307306 0.0 2
21589498 -54.878710576782225 -309.3137965794248 0.0 9
132431878 136.1929313546287 144.06657478360228 0.0 1
35475501 126.5324243883664 19.667645370311945 0.0 0
27676108 229.51591666024783 -84.1357757701135 0.0 7
14065835 70.10003103506666 187.00439749146847 0.0 1
23900814 112.42155429584915 -80.9671844406892 0.0 0
47314885 227.58631938998735 -78.87789947320836 0.0 0
14824849 123.73931104225268 -136.68792966961982 0.0 0
28131891 220.890318925339 -45.19109835074913 0.0 0
14811312 -78.3209023620082 -65.564029080049 0.0 2
13 45.76735883257925 -110.21505754759325 0.0 0
156771486 -157.88637225710514 60.45703175276745 0.0 2
14822554 30.7074195110208 -103.83936263512302 0.0 4
121234606 -203.12818165570337 75.89283526570625 0.0 2
102131542 -107.95440097108636 -70.98304310857627 0.0 6
19776032 -240.15301398903074 17.389959694998446 0.0 2
110725158 207.98390188037365 -2.166520345241296 0.0 0
139157465 -172.60118692206746 -37.58976792069946 0.0 6
119837224 -201.0346127036297 16.956726372196965 0.0 2
32765534 94.49742197599545 -76.55101763073779 0.0 0
3392411 -185.75205528328203 -97.5674883066382 0.0 6
33616466 220.81836734543825 -46.81265956243864 0.0 0
55579667 -146.46181348277133 330.72329594830273 0.0 3
8859592 -105.17452906125712 -217.0682469420842 0.0 5
229709694 -175.78216117125996 -40.38139151117946 0.0 6
14817871 105.12603137237795 183.9734792942315 0.0 1
74917911 -137.6164590576362 42.76852426354583 0.0 2
88699666 129.97477749986507 -188.58494207330875 0.0 4
81062914 237.96864896229684 20.876606004859298 0.0 0
44849238 224.72500747111116 -50.02237663875393 0.0 0
105179173 37.57073377380184 -234.0377523273694 0.0 5
17136581 -54.4245147207141 102.32900650672345 0.0 1
27087640 130.94015476715887 -188.778868123371 0.0 4
202544827 249.44874601741785 -115.33146159958532 0.0 7
73340253 -189.85871374852545 -55.472956838762364 0.0 6
14757201 -73.38153738873609 -120.72522506477544 0.0 5
323125298 -220.9459874109455 40.08537037740176 0.0 2
293164843 -57.17781269993632 87.32243770805594 0.0 2
92383541 261.4803594598732 -128.02352180976325 0.0 7
26374022 -144.5232519946185 69.98669290368247 0.0 2
10574382 -135.50783790483882 -185.15968480623948 0.0 4
14171126 -133.16419947081388 -172.77351018634988 0.0 6
22001973 225.4567793797482 -50.550099262828894 0.0 0
15129787 -16.40531049064533 -136.49364590873034 0.0 0
15375616 142.17177639272163 113.64175346298197 0.0 1
722123 -80.65885427052017 -236.49623007121141 0.0 5
202459962 -134.68020239762677 32.281482777927856 0.0 2
16030323 -199.821842327235 5.927385347047584 0.0 4
17163609 -82.04870116417601 -0.7993606905013171 0.0 6
19138053 -101.52904383276484 40.89778011356322 0.0 2
16932489 -209.73810885803985 81.17866403592184 0.0 2
165824724 208.77468963304952 -1.8849181954006482 0.0 0
18089292 250.54956140072716 76.91721964890333 0.0 0
16832672 36.90872685022757 -242.50599341756757 0.0 5
15062322 -73.86874942389122 -120.28867345728568 0.0 5
70153432 -165.57715944936214 -149.33454419275247 0.0 6
14658472 -159.84226142094764 -155.76648959133013 0.0 6
1306631 48.91245666743626 197.30004892431143 0.0 1
2190391 -59.76905862604506 -311.9870153053199 0.0 9
45504842 135.7890034515473 144.7052257373133 0.0 1
15163166 -79.3381493129893 64.14050813597987 0.0 2
90258002 200.58810852400714 91.9715968445546 0.0 0
21191567 37.568360728675735 -121.2280767220331 0.0 4
90409315 122.50806300028147 14.464916977515548 0.0 0
119625403 233.03017232881405 41.556225390411534 0.0 0
24170535 -81.51893917693992 -236.14546563209558 0.0 5
10239 -101.26961253032613 70.2978648384075 0.0 2
17025594 -90.20871524039455 -135.051493854726 0.0 6
181112088 -191.35244920929367 87.17959562184244 0.0 2
2729811 -41.49465762189592 -217.1350499201248 0.0 5
127575007 7.186125461811328 -150.06985633230428 0.0 4
30709104 -135.3625170791849 3.2534724882559307 0.0 2
86613184 216.91695055731657 -51.10019391518971 0.0 0
673953 44.280019608705906 -1.5673208045504556 0.0 4
262260812 245.1121090349836 -43.385712860036016 0.0 7
34994072 229.8264722496742 49.52784811605013 0.0 0
197313522 -147.2884494761306 117.68112200838856 0.0 2
10810102 116.64415488245693 -130.01019308586672 0.0 0
14133641 -11.007363588721105 -293.77793998072855 0.0 4
14973106 -57.43572608178301 -307.59734030258187 0.0 9
23777226 -98.43794894930166 71.08725402174349 0.0 2
85861265 45.77421495316079 22.965018591327542 0.0 1
11620792 -4.125530447896659 -128.4320467359314 0.0 0
22148621 95.35071324469853 -132.21772085354092 0.0 0
115494880 -223.124498459699 30.886466084505017 0.0 2
20349823 234.82053728363658 -70.09778781607142 0.0 7
8343832 125.47335400486968 -121.77606186707222 0.0 0
54571098 100.85411743564651 -122.0377967954645 0.0 0
194399316 141.64229342782815 128.94964242824037 0.0 1
15827269 128.3318028437918 -100.19139421025363 0.0 0
38168260 -75.19891692619991 -188.60703113045815 0.0 5
26832834 246.85854873627764 84.32133547344543 0.0 0
70919184 -52.621744910192525 32.13693944230779 0.0 2
13496582 105.35348341262844 617.1424518105642 0.0 8
17863888 -186.47821869285852 -23.47984903534616 0.0 6
17763903 -30.510853002996797 151.2008439771313 0.0 1
67396805 105.58087891499261 620.9341462670909 0.0 8
63873759 -95.8108916900901 -219.77919389239636 0.0 5
16166414 -19.173620936740768 -69.9856214793934 0.0 6
21386154 -196.1032519978733 80.36969207428868 0.0 2
57428470 218.20310405558774 -42.80768147443419 0.0 0
26525599 -160.714976754926 -131.05420735015153 0.0 6
809512 -11.02376740196753 -153.95109785730455 0.0 4
109534462 261.52600554376187 -128.33157944566403 0.0 7
64462097 -19.65330308136679 -293.63344939790835 0.0 4
14985133 -75.15141612288373 -46.94584805399573 0.0 4
14192521 -107.64216579531059 -64.8157872496403 0.0 6
13492062 -137.53934052971408 -184.8754441334643 0.0 4
166008261 167.9520437625244 152.78297057508527 0.0 1
71050549 68.80331649858688 -281.41099860282776 0.0 5
16651130 -173.0573246772427 -55.367308821141926 0.0 6
4796311 133.49578836215764 179.66552597039473 0.0 1
56908710 230.63722500731922 -105.94454837398503 0.0 7
5554 60.64790886070364 -300.27213293800224 0.0 5
16557497 233.04026217788112 -108.86431847501478 0.0 7
14617444 245.85522365804263 82.50244464362555 0.0 0
15234407 153.800987500722 -14.871069683518119 0.0 0
11616282 -93.62348379226046 86.72378714227222 0.0 2
17877351 64.91440591423 -286.890020002386 0.0 5
129827650 90.62817459040765 -128.0810140452371 0.0 4
15934160 81.36396762423848 188.0599163097499 0.0 1
71089109 -19.572873896501402 -69.75361144155315 0.0 6
15410058 136.9154836701911 -193.82311006559053 0.0 4
28992508 -117.59593865439712 82.07622836515802 0.0 2
1536811 184.48244212487785 -3.8464048389055168 0.0 0
12983812 -145.6836840324889 69.14985944583391 0.0 2
15339826 164.56647554456976 151.8631389522768 0.0 1
20518767 -165.45581234203974 -113.74044420951076 0.0 6
454423088 181.74172686652622 -87.63825156675071 0.0 0
16490956 243.3209747679916 -43.88606743407289 0.0 7
19570390 -145.86019731603892 329.39432523529 0.0 3
14079597 88.54616144002134 -155.17554151685044 0.0 5
238393215 22.006917694713234 57.32620508361988 0.0 1
16016078 134.756073661832 190.49626985390128 0.0 1
16674284 141.7596200482283 158.9960087049222 0.0 1
20249993 41.16590459801097 -227.18724686852542 0.0 5
24411159 127.67003465375177 196.38859176750137 0.0 1
644863 -7.31274481107407 -129.86053872978573 0.0 0
132971754 -16.13940601626009 -294.85254540719893 0.0 4
302145479 17.19196730083202 -223.02197533124018 0.0 5
1671811 -17.416406855586636 -294.4685874528456 0.0 4
94134519 69.26892170554757 186.67443488871209 0.0 1
18618298 -134.2972358002934 -56.800727615274724 0.0 6
28032548 -41.24468841034198 -238.26017372803662 0.0 5
44423 -30.9894187096074 -192.21174701262353 0.0 5
426044697 225.1113778649091 -44.06987271219542 0.0 0
47585965 226.88972455791668 71.72798491020127 0.0 0
69199560 -163.97106157206827 80.28632898368123 0.0 2
110390913 209.69323384688752 -3.4501612506829513 0.0 0
14910629 44.465945502926985 -136.0930778148143 0.0 0
306588107 63.8871093664796 -123.6335402930016 0.0 6
47594111 131.76506733677462 83.78035826401381 0.0 1
11272022 -169.62226922015523 -112.52009079401728 0.0 6
27814665 6.814669519169434 -89.14182201841024 0.0 6
103139471 236.9476789078926 -41.94768831824397 0.0 0
86065887 250.62604526490952 62.246732047699965 0.0 0
27093184 143.59663669429713 1.4357815478438702 0.0 0
44916484 -178.05828315759405 -105.86980929516506 0.0 6
19767193 251.69870734792647 71.05634024812635 0.0 0
23515090 243.89894252224963 -45.78861785896279 0.0 7
18739693 253.84469876536312 45.04079666006682 0.0 0
106895484 -189.80887185179037 -97.16685650141414 0.0 6
16061784 220.9818366477827 -45.3690885255069 0.0 0
26842343 -12.409336679481205 -293.46795423644954 0.0 4
15028704 212.7348079809533 225.44497845447788 0.0 0
5694822 133.63963241369788 -74.65829935991972 0.0 0
16623719 252.72832318467812 47.255057598907236 0.0 0
62581962 40.20516088274639 -130.20002489764414 0.0 4
39815311 91.70079657109119 -153.3952742369681 0.0 5
8963722 201.37661441471332 49.427420301156275 0.0 0
22747624 -3.0854865629915005 -140.5782692555825 0.0 0
187512368 247.8344432842581 -113.94176537977171 0.0 7
14348680 36.874298305157026 -234.0683195275282 0.0 5
221155050 104.82936930806328 619.6037623766262 0.0 8
222680638 -13.89397975964014 -54.83687563136251 0.0 4
290687495 -9.336411460920653 15.947465595166106 0.0 0
14436951 64.80082448878059 -48.37465214815692 0.0 4
254791849 -173.78834776280306 71.7269659658583 0.0 2
9876152 -47.40325846676715 -308.9983973627588 0.0 9
12831 -28.241751608798136 -160.49987510541314 0.0 4
47528614 42.858807005059084 71.30406760471243 0.0 1
34853877 27.420669134548763 -122.13483172279938 0.0 0
14848297 207.8482102668742 -3.4441523276391264 0.0 0
74570107 -185.1269994814825 53.299705246408415 0.0 2
16958875 -136.21272468044586 -37.36447746469358 0.0 6
9602292 -138.0241023498169 -184.65669437313176 0.0 4
14393114 -13.598838358542114 -54.75092696352582 0.0 4
8143682 94.31016561422075 169.3606883749588 0.0 1
32038855 106.43902572797684 618.6275786864022 0.0 8
42182388 -174.49609615012187 94.7273474612991 0.0 2
11591662 134.36245305865242 -190.459067574278 0.0 4
1224011 -60.98609367018789 -208.5122845536533 0.0 9
201968045 143.37448511384136 130.4075418629022 0.0 1
226251324 68.78116892436753 -281.5055471208239 0.0 5
50095170 205.76412025504476 227.6181675529512 0.0 0
16031975 -173.01687309877582 -126.60212380521094 0.0 6
14189338 107.72578283598594 -132.52531827111264 0.0 0
7147062 -185.82561123816458 53.43780138165492 0.0 2
378800745 100.27914892811947 62.42305431166432 0.0 2
404641421 137.1631185088689 145.37483770799088 0.0 1
151901549 97.28366461337383 199.2457868367037 0.0 1
25671405 210.5696256718019 225.78888200546572 0.0 0
40055544 106.38556263143938 619.9995124975026 0.0 8
242423151 85.7799407359121 53.165652944024465 0.0 2
60234120 -164.8193893608038 80.7480578779106 0.0 2
2696831 61.26297574785077 -33.5090996081168 0.0 5
63157272 250.22108944804745 39.775535017741674 0.0 0
2335431 136.69874080917816 144.92460811083515 0.0 1
44282335 -78.16138972015149 -190.63107836644923 0.0 5
29531965 -97.29312212402374 -166.91595187557485 0.0 6
207431314 208.9650282365131 -2.262960098182515 0.0 0
15160540 130.7800159008747 191.53684510845133 0.0 1
8996852 -81.52970798630504 -235.71858169333575 0.0 5
22784972 41.04123147625961 -225.64694219882108 0.0 5
93369038 -204.40282095369722 74.56194035883814 0.0 2
14368342 -153.76684163131216 8.218937914130892 0.0 2
12223 137.39291115429705 -193.5588859640782 0.0 4
66624583 58.98647780374688 -299.4088989844979 0.0 5
87512632 5.46114435154444 -152.2053899085675 0.0 4
16243515 -155.7638836172308 37.79509705659327 0.0 2
804216 -62.29705425290369 17.891838211791953 0.0 2
63511763 150.41857575584874 180.64434681662058 0.0 1
193844031 37.3704397057929 -242.0054114258577 0.0 5
22458710 78.3568662349501 -137.90711283494193 0.0 0
32372834 244.38738667037362 91.00541152199548 0.0 0
15019521 34.69242708343561 -102.64751184430145 0.0 4
3173261 118.71771163047354 -193.18314346814753 0.0 0
18975581 -143.67999936362273 -18.314263121892843 0.0 2
13031002 189.92189861152582 80.64845941175932 0.0 0
13485122 -68.4730100377358 -33.43629986832731 0.0 2
17623957 89.17092257987679 -130.97169807049445 0.0 4
77991399 -90.03153123147854 -209.64981252177827 0.0 5
17411575 60.428234290630805 -301.15694103292384 0.0 5
156562935 261.22130652144307 -127.21447196299239 0.0 7
95978500 102.35816348443015 186.83124112361355 0.0 1
28591298 -81.14915199326657 -234.67442407439125 0.0 5
27468198 252.2672512510931 75.34697322589658 0.0 0
15146928 -55.32017435059588 -182.49629965111467 0.0 5
56843433 -139.4419284600344 13.49550439672603 0.0 2
34933499 105.29405969366275 618.7706136936763 0.0 8
16736317 -12.583199897994998 -295.3297672979672 0.0 4
141340895 61.01349277079041 -301.3896206708624 0.0 5
15758490 116.79156767452399 199.88552419930454 0.0 1
7622782 -57.479486108950304 32.39641620915076 0.0 2
26851417 131.5661503804402 -131.95871580023717 0.0 0
16629994 117.4617756339407 194.17558491108616 0.0 1
14837835 -77.70333083990536 -270.1912198611653 0.0 9
156911098 231.52522617367583 -107.59378554219529 0.0 7
3475 48.63984011119189 -116.00222929860692 0.0 0
14139432 -67.60565964040102 59.646710518973705 0.0 2
19490167 88.26280607943909 -154.91277866201594 0.0 5
22749476 22.781404930843465 59.01062666441709 0.0 1
93476253 130.552173767736 179.7660637034388 0.0 1
40225663 1.890572978956397 185.79776590687632 0.0 1
249331826 102.4797358233479 -104.11766113543848 0.0 0
39998766 68.51747484048535 -283.9617796475666 0.0 5
13449942 5.625794793941071 -208.15848086144493 0.0 5
14216743 37.365750024090126 -127.73130839562997 0.0 4
9846392 150.373168831888 3.4593510554729883 0.0 0
45413510 227.77792553991938 -81.7741699379012 0.0 7
315382048 123.0626122764371 198.1957418991375 0.0 1
97900980 -189.7777109871882 35.774698368625955 0.0 2
36025493 209.52334146592122 228.8468206837448 0.0 0
17773554 56.38549374455798 -301.0762250393234 0.0 5
94667476 255.15481784951282 43.86320358123484 0.0 0
14439727 131.62559082917628 191.11318049344126 0.0 1
261820931 115.11922509135178 -124.56468293086976 0.0 0
21403426 105.49001092811527 618.9658075796351 0.0 8
13079372 -137.80035119520505 -184.64378205422065 0.0 4
9271782 84.90778069322823 192.04457466309628 0.0 1
15994184 -59.694449390509995 -307.4419247869703 0.0 9
21449749 -110.52674425380711 -105.74717885036999 0.0 6
85252468 36.963641584115095 -242.85485869869245 0.0 5
7739722 -196.5655953534791 80.28215556181108 0.0 2
15728161 218.93991016969122 -6.015165928083205 0.0 0
11997592 137.78696838869837 -192.87542858189255 0.0 4
16692909 -233.2467529712789 8.929209159582479 0.0 2
782325 82.19287256691032 71.94916340625714 0.0 2
118108089 -91.51129277462556 -231.20149508498068 0.0 5
69718261 -135.78370496717747 43.814829245266694 0.0 2
22048350 105.13956709102808 618.6346488997834 0.0 8
7195982 37.583662972241406 -234.1105154003363 0.0 5
35929575 198.1752550889905 46.96472234596663 0.0 0
799566 68.3680034195227 -279.2622258509787 0.0 5
363210621 -134.60667257779613 72.25073966707788 0.0 2
36383929 -169.26492743906957 -144.7511845474537 0.0 6
254140031 -161.42449280932635 -131.10465843144226 0.0 6
6813342 -28.643367082149364 -236.6112823304606 0.0 9
1068831 23.628531343432297 -67.7030129314896 0.0 5
807506 4.660958065856255 -128.9871490380949 0.0 0
41666584 -13.354802111689645 -54.66433824151896 0.0 4
107586555 -186.9029600036497 -112.84341674697977 0.0 6
80446199 57.15359117607514 202.1238797634062 0.0 1
15619687 -80.4645236140889 -234.78981145004232 0.0 5
117848769 93.729398640658 -76.12002172604475 0.0 0
17519976 -193.3862198015059 35.42520144264751 0.0 2
1833561 180.20683100223306 110.53805503921201 0.0 1
21707052 93.5620285022912 -94.22390564008705 0.0 0
40182630 88.4939549965621 -155.14176311637226 0.0 5
9577862 -143.3152256908625 103.29170742505411 0.0 2
52869134 -103.61649619519243 125.06763494579275 0.0 2
10853462 -20.81429238494555 -70.70423722077769 0.0 6
2773401 -10.650704654349598 -115.16234485616437 0.0 6
58284725 -164.02018912646477 -133.37141264101243 0.0 6
10234342 -145.55224267459562 331.1176438038951 0.0 3
32487867 218.08147228849876 -45.10545924366735 0.0 0
51302043 -146.97931624506407 330.26904329270667 0.0 3
219093157 112.47411778771166 -80.00577451264489 0.0 0
278778939 115.10091971414214 -105.07745604841924 0.0 0
16838443 110.84617301984814 -11.286847566478283 0.0 0
17642849 125.87881131594501 -136.05876869727248 0.0 0
5869832 -33.6933482417816 -75.57719304559956 0.0 4
7415812 -55.71203687987233 31.93541040848794 0.0 2
19752441 68.68427150958252 -281.4550230165777 0.0 5
407977463 126.97251354918636 -131.5650731138109 0.0 0
41734787 104.26507933044344 620.3743523982689 0.0 8
18073677 -187.7263904790926 26.753139848916025 0.0 2
75641981 135.05357252169136 179.55553047295192 0.0 1
69751573 -135.53510049050433 -186.46892574433357 0.0 4
5813712 -130.0559240202542 -167.9291767984562 0.0 6
20212233 64.91971299232951 -211.6423918202736 0.0 5
17679707 261.2052487866175 -127.76706192374714 0.0 7
14575846 137.88320017612924 -192.3706950465406 0.0 4
59481357 -5.396353698288644 186.33258096691208 0.0 1
398500188 -48.2130606369215 143.53956805093236 0.0 1
11669522 -149.34837041195084 -6.163723096103877 0.0 2
14049485 -178.4064763680622 -83.51761265230346 0.0 6
8496762 96.6114566685135 63.03225014954951 0.0 2
71470929 -139.5338885620398 59.98825030608161 0.0 2
23092890 124.91972075749011 -24.320553534835025 0.0 0
24192016 105.5680771954465 619.6170381115055 0.0 8
18994661 234.65881865024366 37.597614467070684 0.0 0
376700914 84.08839845196525 53.49245174789383 0.0 2
15138349 87.40309456243403 -225.54124167565624 0.0 7
15757958 157.4032224291772 -38.33461923948686 0.0 0
15599395 48.616808164189266 197.77583940403497 0.0 1
115195892 -86.9059289303808 -224.45341739906027 0.0 5
38268095 240.94486274920635 125.3940452968343 0.0 0
96298498 -168.4876546876311 -111.92347020038815 0.0 6
8529152 -121.04597175478469 40.129839778343744 0.0 2
26637764 -33.13958141606464 -59.70730322982882 0.0 6
14787956 -89.34882234058342 -232.15224781741554 0.0 5
17033258 15.203012999509156 -69.02744321560088 0.0 4
89097023 -74.23825700394796 -9.396285843102893 0.0 6
66055378 61.63203875651208 -300.31149729000674 0.0 5
21319209 -55.9165067879112 -313.22002734588636 0.0 9
9527212 -163.9318392776984 80.16499999348919 0.0 2
48473181 235.64017033335287 75.82581768154574 0.0 0
14816320 -30.87095258015137 -9.894972789061141 0.0 2
128517598 -77.25023512577674 109.1247742599028 0.0 2
318125560 -26.564869194071463 -171.61701346387258 0.0 4
15323504 -0.4936191161158487 92.3088261103805 0.0 1
208045828 128.48251674817607 197.46525109066224 0.0 1
23657714 16.897454760606273 -7.9252129225639445 0.0 2
14324345 -94.10088914555824 43.32369608995436 0.0 2
17164499 48.65211374659745 197.71489235760842 0.0 1
54680395 89.36439133784948 8.63648320308311 0.0 4
17047208 248.1279310067239 81.56280596035276 0.0 0
75974281 114.6445538663523 -123.83208149082196 0.0 0
8472272 -239.70579887792962 15.172933204861177 0.0 2
24744541 260.58414617345227 -128.225193156578 0.0 7
46959157 -113.18418822698469 25.18617851029908 0.0 2
10717522 -95.37583002899628 100.17753997456131 0.0 6
14592505 -62.038899735392896 -208.61887956262515 0.0 4
301982599 154.84618164757256 -167.24323803121146 0.0 0
9377892 240.5796578626847 125.5843538624551 0.0 0
48012117 95.75905108799004 -2.3783246484216107 0.0 0
32425705 104.48904731211061 620.4497773568296 0.0 8
15921173 114.1638203257292 -29.41111254152132 0.0 0
81629304 137.16863510982196 145.47194703877202 0.0 1
16228619 -53.23422579678001 5.274219760432819 0.0 2
58802477 -207.96748455184397 83.82228601132651 0.0 2
66133 -18.92121216469525 -292.57248238377974 0.0 4
85605334 -225.6069738787346 61.609806013827495 0.0 2
28897131 -181.05157489899932 -163.00110365785284 0.0 5
97654257 -18.876520168518194 -121.41778717930396 0.0 6
26727655 210.5046435261515 -85.7652662851451 0.0 7
14934375 52.20719259486393 194.30520149398993 0.0 1
10877 -4.335320758546982 -275.0477499255078 0.0 4
18835966 -72.74781053813723 99.80559971748501 0.0 1
15595875 -166.86877418741332 -131.78671629165214 0.0 6
41874610 253.9150179836725 42.48619253318807 0.0 0
255617445 -24.835406063218713 -109.04949420259467 0.0 4
37213193 141.76654372410803 185.5153551990371 0.0 1
21088249 216.40557014003798 108.10044269072918 0.0 0
20444825 30.95214849351082 90.02997962102012 0.0 2
22979111 160.89625155046994 152.83772131718308 0.0 1
14642896 -115.74401246001757 -35.239098489461156 0.0 6
22887121 135.2839255242335 137.4218591713678 0.0 1
35021186 197.98077180128143 90.80800613273368 0.0 0
2633711 -89.21576872749135 -223.58825841784667 0.0 5
122923376 169.49940832127484 143.78892246653203 0.0 1
221292469 24.394719350555164 205.647829207092 0.0 0
14482563 -138.08995656942807 -184.8078888430681 0.0 4
19341539 100.39632754787056 -44.27656123284921 0.0 0
173602617 -179.53100420264485 -116.02261457354652 0.0 6
15421904 -53.69925255475098 141.50277763980642 0.0 1
47999622 245.06559159714712 92.91261476331555 0.0 0
93579404 209.25276805711366 69.29548958854076 0.0 0
428802983 -208.05838591640764 11.988704420972203 0.0 2
19613445 69.79160354525311 -278.34556492262163 0.0 5
16076032 186.16633808842752 -77.21934410895398 0.0 7
152693464 -35.231586713261514 150.44268329611214 0.0 1
8482542 59.735839008583824 -297.9958374932529 0.0 5
194365113 -178.16698732747088 111.74909150466026 0.0 2
45827605 43.40295615142889 175.14710977308553 0.0 1
23898238 81.71060095666357 -119.99613115868841 0.0 0
34650660 39.65939120345489 12.93192641907088 0.0 2
20523099 246.53914818202207 94.28167136469499 0.0 0
14967095 66.81404820135835 -281.6613762558623 0.0 5
10778572 128.19908583566743 64.34161141936518 0.0 2
14147703 -54.73150484378719 -312.8389707242466 0.0 9
15940087 121.45328627469189 -26.571348255460986 0.0 0
17905977 254.53099535364555 46.696953712352965 0.0 0
42480399 -151.92127732740477 -129.86835351725995 0.0 6
138840988 -178.12861721035483 109.89740885232679 0.0 2
370409954 -225.88827914628578 59.215254343793134 0.0 2
13496142 237.13080401254686 -73.44128765815604 0.0 7
25696968 -117.65527328324336 80.98777748827993 0.0 2
14209760 -9.913732060534093 -135.01650914426995 0.0 0
153208675 -192.2354122179126 -48.18496268974442 0.0 6
34393903 105.4802617255761 621.0834075490471 0.0 8
209769485 -145.79638714418854 69.9638196093772 0.0 2
3673151 -59.708592459729374 -312.87080019433193 0.0 9
14398504 -179.33431631163927 -166.2782641115078 0.0 5
45368143 -11.699877005831445 -294.8766198909068 0.0 4
20690398 143.8037103637399 -160.9686147585117 0.0 0
430250670 95.23439351530558 63.64579337048722 0.0 2
25710082 207.46707259424983 227.17555819259422 0.0 0
53630806 -186.7773348296365 51.36076483895772 0.0 2
13790222 -144.20995165235615 103.80506805034868 0.0 2
14228578 -40.83578833196591 -235.10410102085217 0.0 5
21000730 -228.0083038039359 51.36842134386876 0.0 2
18958993 74.6759884388261 -6.454740521274178 0.0 0
73919165 106.51945016891032 619.3932248234497 0.0 8
111807124 -110.20977533707635 -67.29805765834645 0.0 6
15888701 54.595081394732006 -292.19745106207455 0.0 5
21524551 59.30999114196755 -297.6059834806947 0.0 5
19380536 213.8167540451114 -1.6866432387959063 0.0 0
76652273 209.06370173727672 -2.831533412725284 0.0 0
30005989 -164.06373491608164 81.26909927830623 0.0 2
7404632 220.90587224932344 25.60408413663286 0.0 0
46791955 -192.80421019976916 64.40059251600418 0.0 2
186894716 -116.7332701664209 81.6795125490206 0.0 2
14214222 -137.50453268902368 -185.27133653954704 0.0 4
316327930 249.10080866632802 60.842544461513825 0.0 0
5038461 -16.718940426847436 -39.4048049450564 0.0 4
33859714 209.173764978382 227.90960141230084 0.0 0
21745567 -128.0986663239866 -201.74471716961224 0.0 5
99626329 215.68922580118868 -51.08217392765121 0.0 0
18585325 116.39564088909893 201.91862796282768 0.0 1
18722432 -113.13455146257958 -187.06324311680817 0.0 5
15188975 -55.881416240977615 -308.2699800127292 0.0 9
14986849 -140.31439647418364 83.91554371035288 0.0 2
180853837 -145.4867848549718 328.83896238584447 0.0 3
14326840 63.482439875702774 -210.6127781368606 0.0 5
16250884 -172.02189073545006 -71.59225607681228 0.0 6
7057932 -155.22244421144396 -81.45904047695451 0.0 6
9462812 -128.92554011676873 -123.1763703869202 0.0 6
23962323 239.9816638161012 48.17956488464032 0.0 0
17972106 101.06703423692511 -42.83701954916051 0.0 0
40104838 -137.55842843760152 -183.8308870861605 0.0 4
53520988 202.29650817188724 12.581074471986618 0.0 0
6800542 -186.51939363645081 -137.55619568221783 0.0 6
221106001 -159.55597035920417 94.85090862796773 0.0 2
263342687 230.83160111795942 20.599301225307872 0.0 0
314342778 -144.1640096328998 -69.75485133355896 0.0 6
169386565 -166.97648552160777 -110.00971938408382 0.0 6
142800452 -146.2856893451687 330.7215344293888 0.0 3
14764888 54.25205973838168 -165.79752333711355 0.0 5
54795290 30.677387726064573 -102.52132204006291 0.0 4
7476192 -62.608732627306665 -302.1659640761721 0.0 9
62546275 -59.05524082069639 -314.5037303938275 0.0 9
16472126 -155.2993468914148 37.66835725786742 0.0 2
46028158 39.92534482304965 -232.6206080995685 0.0 5
41259586 47.03674716679583 194.85304009412715 0.0 1
15804774 -87.45065160222597 -192.4895000613527 0.0 5
18367054 -98.46034633353219 -48.05874899114157 0.0 6
16370809 -56.358277210935846 -68.79688331742766 0.0 6
15808647 143.03830993965894 55.2196893062416 0.0 0
13299972 -61.40055022596961 -38.611457682550544 0.0 6
85168090 -137.09281449659184 42.20530127195418 0.0 2
15966196 59.84326670941468 -277.1395055875797 0.0 5
7741102 135.79768711708343 144.50606283483827 0.0 1
47943832 -146.3787946993601 330.7750726597076 0.0 3
22081522 88.21962794823709 -154.88868025317402 0.0 5
14879911 -18.10815614497424 -120.46073175780961 0.0 6
9541832 -39.56057733282915 120.15013860106343 0.0 2
745273 5.839825843330273 -127.20619130077169 0.0 0
11367202 -180.40325962661268 -162.70633584641928 0.0 5
810427 135.4206474198362 114.37465119357869 0.0 1
1392281 -67.93111445884028 -199.300162052712 0.0 5
15225036 -10.8416123736208 96.82920843644983 0.0 1
120912540 23.17002505577724 59.3993763419346 0.0 1
18877255 -7.03576020617132 -104.5825975457041 0.0 4
5904562 88.26167880785408 -51.42726140837394 0.0 0
21481723 -104.93683803424565 -74.31465556976313 0.0 6
21161380 17.77152190908135 -178.36125718232194 0.0 4
16947313 227.4343384150536 71.65757649534814 0.0 0
56016573 -44.487469041699896 -236.73449684174864 0.0 5
86640232 1.2511359515211058 1.0316639237055678 0.0 4
149029700 0.2919345128711798 93.03684645450964 0.0 1
44953219 105.68302406707272 618.2948450006211 0.0 8
760428 -162.10785542810976 57.48999775330305 0.0 2
40487404 -35.338265949990216 148.57510138193078 0.0 1
40930287 -4.2300443701986925 -287.9237794658435 0.0 4
27076402 -186.53916213029285 -39.49232703836123 0.0 6
12027042 -159.60452605170948 -153.90624427897555 0.0 6
19677568 43.185846076062646 -112.92253717020999 0.0 6
25491788 230.35601723509154 -83.27142396883956 0.0 7
91912513 -43.69897115728747 148.46141379038576 0.0 1
335819386 -42.993156996137785 75.40387476520729 0.0 2
18131006 190.43181658390097 3.8885573215995732 0.0 0
224379103 -192.4277780071107 -96.65068085173958 0.0 6
22664357 -66.93349139759862 61.81132719421128 0.0 2
15106474 -31.611413737843243 -154.44266747352714 0.0 5
2329921 110.98554432309327 190.36853733314186 0.0 1
41297717 62.33666974755705 -299.3511917722597 0.0 5
16219635 -14.387250504561202 -294.8017244650263 0.0 4
175150751 240.31636153789668 116.51181319172527 0.0 0
38474558 89.17293191413481 -171.03022058255223 0.0 4
22749856 98.55745095906506 141.7863412422328 0.0 1
27426129 -146.24602152915213 -37.576410857708346 0.0 6
1422191 -6.53983351336569 -63.64270977039129 0.0 0
24156855 69.02973009764395 -279.76640616706163 0.0 5
352053266 -205.99698292855766 8.056973161208845 0.0 2
76364440 -78.8078469650048 43.42087199021665 0.0 2
19764760 -146.99815158109098 330.15735612905337 0.0 3
128916911 87.51602862521248 -155.13107035525974 0.0 4
46440718 -167.9463154663341 -92.78737690707808 0.0 6
61142537 70.24674202994939 188.02991309057208 0.0 1
80547146 -190.86089055632826 -88.80846558013863 0.0 6
14659447 134.55700020808237 191.2497571188912 0.0 1
67109965 105.04535010500653 621.3494528043678 0.0 8
146123790 219.07045951079607 -43.49051281916466 0.0 0
22508364 173.07651249499705 149.2648529385774 0.0 1
19564105 1.1831929123545502 -4.245120396100132 0.0 4
18510643 -45.202399303657 -235.51159515342295 0.0 5
83790179 59.90035208618369 -300.4305973541686 0.0 5
69246320 104.4669761366576 620.812245303776 0.0 8
3980 13.229398358165213 -146.1859856527302 0.0 4
152217065 135.16300917445295 146.505031550982 0.0 1
71754329 249.7793522090698 139.65633622410945 0.0 0
24442847 248.01192370222128 36.76075030147981 0.0 0
14278978 -12.196963638009478 -141.96957833086478 0.0 0
14212987 -161.38068636392336 56.358685607719586 0.0 2
17712257 -191.2462335707616 -96.5493537945108 0.0 6
181360417 -124.24298695079646 2.5565085103208176 0.0 2
15173499 -2.616802299316367 -192.29167230543288 0.0 4
13473852 -0.0447307775030078 -280.9337761421351 0.0 4
9973082 -19.24679827374383 -293.3169591052502 0.0 4
15492359 149.42066336084847 0.5876171313566041 0.0 0
45401958 -146.36970121115928 330.8841061328127 0.0 3
17427564 92.27707933226138 196.66531347069125 0.0 1
2893971 5.010254127195415 -94.89150179750094 0.0 6
12819112 238.01292302885906 116.36405986896688 0.0 0
391420301 94.53002128978636 169.99942595274652 0.0 1
779638 48.68899717868435 197.61472212364046 0.0 1
110303822 167.83646664440892 152.41212541014903 0.0 1
17141625 -74.63028453996189 35.19297218468521 0.0 2
13502262 -192.12719498310472 -95.56962381009825 0.0 6
158789494 -149.17673892529473 121.34154456745787 0.0 2
16458937 137.78846295073845 -191.33663683622214 0.0 4
64266590 157.8132031708682 124.27241181272682 0.0 1
23988193 -29.49622417505729 -141.3496754847643 0.0 6
6812402 -57.373054157454824 -314.97665668381813 0.0 9
19914144 -105.0925611103797 -64.79283605672342 0.0 6
33962249 -191.50950608401956 -89.31786663228581 0.0 6
47163628 39.276026320665494 12.715175499519532 0.0 2
338242497 40.2848546493488 -230.24475155236334 0.0 5
9130822 36.72479369351697 -128.27923903353746 0.0 4
30706856 167.8405434756325 155.69378698394243 0.0 1
27023131 209.80995771073503 227.44188105668175 0.0 0
15402047 -199.06054085948688 43.32502977863709 0.0 2
6455762 -92.79209221952324 -232.24921512248667 0.0 5
73667295 -195.088002922964 62.147906421741844 0.0 2
18986790 -146.9523142741053 330.3966377963002 0.0 3
188196198 136.27101314413687 -191.21975468963407 0.0 4
14120913 -18.19298130618642 -292.5681736071683 0.0 4
14094651 74.90525349639982 98.21665592134782 0.0 1
17194296 43.010908128113094 -160.53125397498073 0.0 0
14317497 -179.18437328583363 -123.9184581406161 0.0 6
9028622 242.57264275050767 94.56266090962528 0.0 0
2040631 -33.847475925566215 150.5194793990297 0.0 1
85361615 -196.02078259620052 80.15098587627715 0.0 2
11385212 -86.70665894577579 -223.0412844743485 0.0 5
259401680 252.7915740675053 46.3403997363093 0.0 0
19452518 -151.58895190975636 72.69022048074743 0.0 2
92168769 7.01309109752949 1.424729882113773 0.0 6
23115743 109.83485726364161 -10.77057601026569 0.0 0
18246193 -102.24451680072407 20.379742535271944 0.0 2
234062645 134.5352712238677 -190.01164024008958 0.0 4
117258094 -90.89607013414923 122.99624692697145 0.0 2
48603907 -147.95487229500745 -6.492039539504962 0.0 2
24920150 105.05699079079488 617.9371143311085 0.0 8
2333111 -109.60894827100495 126.917026706589 0.0 2
136325501 240.24580559051043 118.7987724803861 0.0 0
9133662 -56.65356950304322 -306.53701437910286 0.0 9
153154765 116.77597555100071 7.364590321634211 0.0 0
15166546 -93.84391369062568 85.84195938668455 0.0 2
16269613 -239.56016904316115 13.552100609278545 0.0 2
287719937 142.2049964254905 125.27746906396331 0.0 1
16585988 56.66082370209147 -118.69173896422544 0.0 0
14275129 236.08966252838448 -73.3952587872143 0.0 7
22667853 212.5218985825633 98.6655592872306 0.0 1
15125585 222.68462912623488 26.55085928102231 0.0 0
86330674 51.706842523093954 -85.96118305170327 0.0 0
8239362 -106.48021429333347 -73.61095282016574 0.0 6
51518017 24.97206245765117 -114.01169052480591 0.0 0
97086136 43.76194731475838 -106.49577292318494 0.0 0
22219572 235.4452819062311 75.038802628761 0.0 0
8921242 248.26039151579525 36.82343564928082 0.0 0
